        [38;2;6;9;14m▄[0m[38;2;10;13;21m▄[0m[38;2;11;15;24m▄[0m[38;2;11;15;25m▄[0m[38;2;11;15;25m▄[0m[38;2;11;15;25m▄[0m[38;2;11;15;25m▄[0m[38;2;11;15;25m▄[0m[38;2;11;15;25m▄[0m[38;2;11;15;25m▄[0m[38;2;11;15;25m▄[0m[38;2;11;15;25m▄[0m[38;2;11;15;25m▄[0m[38;2;11;15;25m▄[0m[38;2;11;15;25m▄[0m[38;2;11;15;25m▄[0m[38;2;11;15;25m▄[0m[38;2;11;15;25m▄[0m[38;2;11;15;25m▄[0m[38;2;11;15;25m▄[0m[38;2;11;15;25m▄[0m[38;2;11;15;24m▄[0m[38;2;10;13;21m▄[0m[38;2;6;9;14m▄[0m
     [38;2;8;11;18m▄[0m[38;2;6;9;14m[48;2;14;19;31m▀[0m[38;2;13;17;27m[48;2;15;20;32m▀[0m[38;2;15;20;32m[48;2;15;20;32m▀[0m[38;2;15;20;32m[48;2;15;20;32m▀[0m[38;2;15;20;32m[48;2;15;20;32m▀[0m[38;2;15;20;32m[48;2;15;20;32m▀[0m[38;2;15;20;32m[48;2;15;20;32m▀[0m[38;2;15;20;32m[48;2;15;20;32m▀[0m[38;2;15;20;32m[48;2;15;20;32m▀[0m[38;2;15;20;32m[48;2;15;20;32m▀[0m[38;2;15;20;32m[48;2;15;20;32m▀[0m[38;2;15;20;32m[48;2;15;20;32m▀[0m[38;2;15;20;32m[48;2;15;20;32m▀[0m[38;2;15;20;32m[48;2;15;20;32m▀[0m[38;2;15;20;32m[48;2;15;20;32m▀[0m[38;2;15;20;32m[48;2;15;20;32m▀[0m[38;2;15;20;32m[48;2;15;20;32m▀[0m[38;2;15;20;32m[48;2;15;20;32m▀[0m[38;2;15;20;32m[48;2;15;20;32m▀[0m[38;2;15;20;32m[48;2;15;20;32m▀[0m[38;2;15;20;32m[48;2;15;20;32m▀[0m[38;2;15;20;32m[48;2;15;20;32m▀[0m[38;2;15;20;32m[48;2;15;20;32m▀[0m[38;2;15;20;32m[48;2;15;20;32m▀[0m[38;2;15;20;32m[48;2;15;20;32m▀[0m[38;2;15;20;32m[48;2;15;20;32m▀[0m[38;2;13;17;28m[48;2;15;20;32m▀[0m[38;2;6;9;14m[48;2;14;19;31m▀[0m[38;2;8;11;18m▄[0m
    [38;2;6;9;14m[48;2;13;17;27m▀[0m[38;2;14;19;31m[48;2;15;20;32m▀[0m[38;2;15;20;32m[48;2;15;20;32m▀[0m[38;2;15;20;32m[48;2;15;20;32m▀[0m[38;2;15;20;32m[48;2;15;20;32m▀[0m[38;2;15;20;32m[48;2;15;20;32m▀[0m[38;2;15;20;32m[48;2;15;20;32m▀[0m[38;2;15;20;32m[48;2;15;20;32m▀[0m[38;2;15;20;32m[48;2;15;20;32m▀[0m[38;2;15;20;32m[48;2;15;20;32m▀[0m[38;2;15;20;32m[48;2;15;20;32m▀[0m[38;2;15;20;32m[48;2;15;20;32m▀[0m[38;2;15;20;32m[48;2;15;20;32m▀[0m[38;2;15;20;32m[48;2;15;20;32m▀[0m[38;2;15;20;32m[48;2;15;20;32m▀[0m[38;2;15;20;32m[48;2;15;20;32m▀[0m[38;2;15;20;32m[48;2;15;20;32m▀[0m[38;2;15;20;32m[48;2;15;20;32m▀[0m[38;2;15;20;32m[48;2;15;20;32m▀[0m[38;2;15;20;32m[48;2;15;20;32m▀[0m[38;2;15;20;32m[48;2;15;20;32m▀[0m[38;2;15;20;32m[48;2;15;20;32m▀[0m[38;2;15;20;32m[48;2;15;20;32m▀[0m[38;2;15;20;32m[48;2;15;20;32m▀[0m[38;2;15;20;32m[48;2;15;20;32m▀[0m[38;2;15;20;32m[48;2;15;20;32m▀[0m[38;2;15;20;32m[48;2;15;20;32m▀[0m[38;2;15;20;32m[48;2;15;20;32m▀[0m[38;2;15;20;32m[48;2;15;20;32m▀[0m[38;2;15;20;32m[48;2;15;20;32m▀[0m[38;2;14;19;31m[48;2;15;20;32m▀[0m[38;2;6;9;14m[48;2;13;17;28m▀[0m
   [38;2;6;9;14m[48;2;10;13;21m▀[0m[38;2;15;20;32m[48;2;15;20;32m▀[0m[38;2;15;20;32m[48;2;15;20;32m▀[0m[38;2;15;20;32m[48;2;15;20;32m▀[0m[38;2;15;20;32m[48;2;15;20;32m▀[0m[38;2;15;20;32m[48;2;15;20;32m▀[0m[38;2;15;20;32m[48;2;15;20;32m▀[0m[38;2;15;20;32m[48;2;15;20;32m▀[0m[38;2;15;20;32m[48;2;15;20;32m▀[0m[38;2;15;20;32m[48;2;15;20;32m▀[0m[38;2;15;20;32m[48;2;15;20;32m▀[0m[38;2;15;20;32m[48;2;15;20;32m▀[0m[38;2;15;20;32m[48;2;15;20;32m▀[0m[38;2;15;20;32m[48;2;15;20;32m▀[0m[38;2;15;20;32m[48;2;15;20;32m▀[0m[38;2;15;20;32m[48;2;15;20;32m▀[0m[38;2;15;20;32m[48;2;15;20;32m▀[0m[38;2;15;20;32m[48;2;15;20;32m▀[0m[38;2;15;20;32m[48;2;15;20;32m▀[0m[38;2;15;20;32m[48;2;15;20;32m▀[0m[38;2;15;20;32m[48;2;15;20;32m▀[0m[38;2;15;20;32m[48;2;15;20;32m▀[0m[38;2;15;20;32m[48;2;15;20;32m▀[0m[38;2;15;20;32m[48;2;15;20;32m▀[0m[38;2;15;20;32m[48;2;15;20;32m▀[0m[38;2;15;20;32m[48;2;15;20;32m▀[0m[38;2;15;20;32m[48;2;15;20;32m▀[0m[38;2;15;20;32m[48;2;15;20;32m▀[0m[38;2;15;20;32m[48;2;15;20;32m▀[0m[38;2;15;20;32m[48;2;15;20;32m▀[0m[38;2;15;20;32m[48;2;15;20;32m▀[0m[38;2;15;20;32m[48;2;15;20;32m▀[0m[38;2;15;20;32m[48;2;15;20;32m▀[0m[38;2;7;9;14m[48;2;10;13;21m▀[0m
   [38;2;11;15;24m[48;2;11;15;25m▀[0m[38;2;15;20;32m[48;2;15;20;32m▀[0m[38;2;15;20;32m[48;2;15;20;32m▀[0m[38;2;15;20;32m[48;2;15;20;32m▀[0m[38;2;15;20;32m[48;2;15;20;32m▀[0m[38;2;15;20;32m[48;2;15;20;32m▀[0m[38;2;15;20;32m[48;2;15;20;32m▀[0m[38;2;15;20;32m[48;2;14;19;30m▀[0m[38;2;15;20;32m[48;2;13;17;29m▀[0m[38;2;15;20;32m[48;2;13;18;29m▀[0m[38;2;15;20;32m[48;2;13;18;29m▀[0m[38;2;15;20;32m[48;2;13;18;29m▀[0m[38;2;15;20;32m[48;2;13;18;29m▀[0m[38;2;15;20;32m[48;2;13;18;29m▀[0m[38;2;15;20;32m[48;2;13;18;29m▀[0m[38;2;15;20;32m[48;2;13;18;29m▀[0m[38;2;15;20;32m[48;2;13;18;29m▀[0m[38;2;15;20;32m[48;2;13;18;29m▀[0m[38;2;15;20;32m[48;2;13;18;29m▀[0m[38;2;15;20;32m[48;2;13;18;29m▀[0m[38;2;15;20;32m[48;2;13;18;29m▀[0m[38;2;15;20;32m[48;2;13;18;29m▀[0m[38;2;15;20;32m[48;2;13;18;29m▀[0m[38;2;15;20;32m[48;2;13;18;29m▀[0m[38;2;15;20;32m[48;2;13;18;29m▀[0m[38;2;15;20;32m[48;2;13;17;29m▀[0m[38;2;15;20;32m[48;2;14;19;30m▀[0m[38;2;15;20;32m[48;2;15;20;32m▀[0m[38;2;15;20;32m[48;2;15;20;32m▀[0m[38;2;15;20;32m[48;2;15;20;32m▀[0m[38;2;15;20;32m[48;2;15;20;32m▀[0m[38;2;15;20;32m[48;2;15;20;32m▀[0m[38;2;15;20;32m[48;2;15;20;32m▀[0m[38;2;11;15;25m[48;2;12;16;25m▀[0m
   [38;2;11;15;25m[48;2;11;15;25m▀[0m[38;2;15;20;32m[48;2;15;20;32m▀[0m[38;2;15;20;32m[48;2;15;20;32m▀[0m[38;2;15;20;32m[48;2;15;20;32m▀[0m[38;2;15;20;32m[48;2;15;20;32m▀[0m[38;2;15;20;32m[48;2;14;19;31m▀[0m[38;2;15;20;31m[48;2;27;34;52m▀[0m[38;2;37;46;68m[48;2;115;138;196m▀[0m[38;2;70;85;122m[48;2;143;171;243m▀[0m[38;2;73;88;128m[48;2;142;171;242m▀[0m[38;2;73;88;127m[48;2;142;171;242m▀[0m[38;2;73;88;127m[48;2;142;171;242m▀[0m[38;2;73;88;127m[48;2;142;171;242m▀[0m[38;2;73;88;127m[48;2;142;171;242m▀[0m[38;2;73;88;127m[48;2;142;171;242m▀[0m[38;2;73;88;127m[48;2;142;171;242m▀[0m[38;2;73;88;127m[48;2;142;171;242m▀[0m[38;2;73;88;127m[48;2;142;171;242m▀[0m[38;2;73;88;127m[48;2;142;171;242m▀[0m[38;2;73;88;127m[48;2;142;171;242m▀[0m[38;2;73;88;127m[48;2;142;171;242m▀[0m[38;2;73;88;127m[48;2;142;171;242m▀[0m[38;2;73;88;127m[48;2;142;171;242m▀[0m[38;2;73;88;127m[48;2;142;171;242m▀[0m[38;2;73;88;128m[48;2;142;171;242m▀[0m[38;2;70;85;123m[48;2;143;171;243m▀[0m[38;2;37;46;68m[48;2;115;139;198m▀[0m[38;2;15;20;31m[48;2;27;35;52m▀[0m[38;2;15;20;32m[48;2;14;19;31m▀[0m[38;2;15;20;32m[48;2;15;20;32m▀[0m[38;2;15;20;32m[48;2;15;20;32m▀[0m[38;2;15;20;32m[48;2;15;20;32m▀[0m[38;2;15;20;32m[48;2;15;20;32m▀[0m[38;2;12;16;25m[48;2;12;16;25m▀[0m
   [38;2;11;15;25m[48;2;11;15;25m▀[0m[38;2;15;20;32m[48;2;15;20;32m▀[0m[38;2;15;20;32m[48;2;15;20;32m▀[0m[38;2;15;20;32m[48;2;15;20;32m▀[0m[38;2;15;20;32m[48;2;15;20;32m▀[0m[38;2;14;19;30m[48;2;15;20;32m▀[0m[38;2;35;43;65m[48;2;18;23;37m▀[0m[38;2;130;157;223m[48;2;76;92;132m▀[0m[38;2;143;172;244m[48;2;119;143;204m▀[0m[38;2;142;170;242m[48;2;121;145;207m▀[0m[38;2;142;170;242m[48;2;121;145;207m▀[0m[38;2;142;170;242m[48;2;121;145;207m▀[0m[38;2;142;170;242m[48;2;121;145;207m▀[0m[38;2;142;170;242m[48;2;121;145;207m▀[0m[38;2;142;170;242m[48;2;121;145;207m▀[0m[38;2;142;170;242m[48;2;121;145;207m▀[0m[38;2;142;170;242m[48;2;121;145;207m▀[0m[38;2;142;170;242m[48;2;121;145;207m▀[0m[38;2;142;170;242m[48;2;121;145;207m▀[0m[38;2;142;170;242m[48;2;121;145;207m▀[0m[38;2;142;170;242m[48;2;121;145;207m▀[0m[38;2;142;170;242m[48;2;121;145;207m▀[0m[38;2;142;170;242m[48;2;121;145;207m▀[0m[38;2;142;170;242m[48;2;121;145;207m▀[0m[38;2;142;170;242m[48;2;121;145;207m▀[0m[38;2;143;172;244m[48;2;119;143;204m▀[0m[38;2;131;157;224m[48;2;76;92;133m▀[0m[38;2;36;44;66m[48;2;18;24;37m▀[0m[38;2;14;18;30m[48;2;15;20;32m▀[0m[38;2;15;20;32m[48;2;15;20;32m▀[0m[38;2;15;20;32m[48;2;15;20;32m▀[0m[38;2;15;20;32m[48;2;15;20;32m▀[0m[38;2;15;20;32m[48;2;15;20;32m▀[0m[38;2;12;16;25m[48;2;12;16;25m▀[0m
   [38;2;11;15;25m[48;2;11;15;25m▀[0m[38;2;15;20;32m[48;2;15;20;32m▀[0m[38;2;15;20;32m[48;2;15;20;32m▀[0m[38;2;15;20;32m[48;2;15;20;32m▀[0m[38;2;15;20;32m[48;2;15;20;32m▀[0m[38;2;15;20;32m[48;2;15;20;32m▀[0m[38;2;15;20;31m[48;2;15;20;32m▀[0m[38;2;16;21;34m[48;2;13;19;32m▀[0m[38;2;24;31;47m[48;2;14;19;31m▀[0m[38;2;26;33;50m[48;2;12;18;31m▀[0m[38;2;26;33;50m[48;2;14;19;31m▀[0m[38;2;26;33;50m[48;2;14;19;31m▀[0m[38;2;26;33;50m[48;2;13;18;29m▀[0m[38;2;26;33;50m[48;2;15;20;31m▀[0m[38;2;26;33;50m[48;2;15;20;32m▀[0m[38;2;26;33;50m[48;2;15;20;32m▀[0m[38;2;26;33;50m[48;2;15;20;32m▀[0m[38;2;26;33;50m[48;2;15;20;32m▀[0m[38;2;26;33;50m[48;2;15;20;32m▀[0m[38;2;26;33;50m[48;2;15;20;32m▀[0m[38;2;26;33;50m[48;2;15;20;32m▀[0m[38;2;26;33;50m[48;2;15;20;32m▀[0m[38;2;26;33;50m[48;2;15;20;32m▀[0m[38;2;26;33;50m[48;2;15;20;32m▀[0m[38;2;26;33;50m[48;2;15;20;32m▀[0m[38;2;24;31;47m[48;2;15;20;32m▀[0m[38;2;16;21;34m[48;2;14;18;30m▀[0m[38;2;15;20;31m[48;2;15;20;32m▀[0m[38;2;15;20;32m[48;2;15;20;32m▀[0m[38;2;15;20;32m[48;2;15;20;32m▀[0m[38;2;15;20;32m[48;2;15;20;32m▀[0m[38;2;15;20;32m[48;2;15;20;32m▀[0m[38;2;15;20;32m[48;2;15;20;32m▀[0m[38;2;12;16;25m[48;2;12;16;25m▀[0m
   [38;2;11;15;25m[48;2;11;15;25m▀[0m[38;2;15;20;32m[48;2;15;20;32m▀[0m[38;2;15;20;32m[48;2;15;20;32m▀[0m[38;2;15;20;32m[48;2;15;20;32m▀[0m[38;2;15;20;32m[48;2;15;20;32m▀[0m[38;2;15;20;32m[48;2;13;19;32m▀[0m[38;2;16;20;32m[48;2;45;32;31m▀[0m[38;2;87;50;29m[48;2;217;103;23m▀[0m[38;2;162;80;26m[48;2;255;118;22m▀[0m[38;2;102;56;28m[48;2;232;109;23m▀[0m[38;2;19;22;32m[48;2;63;39;29m▀[0m[38;2;15;20;32m[48;2;25;34;53m▀[0m[38;2;51;62;91m[48;2;120;145;206m▀[0m[38;2;95;114;164m[48;2;144;173;245m▀[0m[38;2;99;119;170m[48;2;143;172;244m▀[0m[38;2;98;119;170m[48;2;143;172;244m▀[0m[38;2;98;119;170m[48;2;143;172;244m▀[0m[38;2;98;119;170m[48;2;143;172;244m▀[0m[38;2;98;119;170m[48;2;143;172;244m▀[0m[38;2;98;119;170m[48;2;143;172;244m▀[0m[38;2;98;119;170m[48;2;143;172;244m▀[0m[38;2;98;119;170m[48;2;143;172;244m▀[0m[38;2;98;119;170m[48;2;143;172;244m▀[0m[38;2;98;119;170m[48;2;143;172;244m▀[0m[38;2;99;119;170m[48;2;143;172;244m▀[0m[38;2;96;116;166m[48;2;144;173;245m▀[0m[38;2;55;67;98m[48;2;125;151;214m▀[0m[38;2;16;21;33m[48;2;32;40;60m▀[0m[38;2;15;20;32m[48;2;14;19;30m▀[0m[38;2;15;20;32m[48;2;15;20;32m▀[0m[38;2;15;20;32m[48;2;15;20;32m▀[0m[38;2;15;20;32m[48;2;15;20;32m▀[0m[38;2;15;20;32m[48;2;15;20;32m▀[0m[38;2;12;16;25m[48;2;12;16;25m▀[0m
   [38;2;11;15;25m[48;2;11;15;25m▀[0m[38;2;15;20;32m[48;2;15;20;32m▀[0m[38;2;15;20;32m[48;2;15;20;32m▀[0m[38;2;15;20;32m[48;2;15;20;32m▀[0m[38;2;15;20;32m[48;2;15;20;32m▀[0m[38;2;13;19;32m[48;2;15;20;32m▀[0m[38;2;45;32;31m[48;2;16;20;32m▀[0m[38;2;218;103;23m[48;2;88;50;29m▀[0m[38;2;255;118;22m[48;2;164;81;26m▀[0m[38;2;233;109;23m[48;2;104;57;28m▀[0m[38;2;63;39;29m[48;2;19;22;32m▀[0m[38;2;25;34;53m[48;2;15;20;32m▀[0m[38;2;121;145;206m[48;2;51;63;92m▀[0m[38;2;144;173;245m[48;2;96;116;165m▀[0m[38;2;143;171;244m[48;2;100;120;172m▀[0m[38;2;143;171;244m[48;2;100;120;171m▀[0m[38;2;143;171;244m[48;2;100;120;171m▀[0m[38;2;143;171;244m[48;2;100;120;171m▀[0m[38;2;143;171;244m[48;2;100;120;171m▀[0m[38;2;143;171;244m[48;2;100;120;171m▀[0m[38;2;143;171;244m[48;2;100;120;171m▀[0m[38;2;143;171;244m[48;2;100;120;171m▀[0m[38;2;143;171;244m[48;2;100;120;171m▀[0m[38;2;143;171;244m[48;2;100;120;171m▀[0m[38;2;143;171;244m[48;2;100;120;172m▀[0m[38;2;144;173;245m[48;2;97;117;167m▀[0m[38;2;126;151;215m[48;2;56;68;99m▀[0m[38;2;32;40;60m[48;2;16;21;33m▀[0m[38;2;14;19;30m[48;2;15;20;32m▀[0m[38;2;15;20;32m[48;2;15;20;32m▀[0m[38;2;15;20;32m[48;2;15;20;32m▀[0m[38;2;15;20;32m[48;2;15;20;32m▀[0m[38;2;15;20;32m[48;2;15;20;32m▀[0m[38;2;12;16;25m[48;2;12;16;25m▀[0m
   [38;2;11;15;25m[48;2;11;15;25m▀[0m[38;2;15;20;32m[48;2;15;20;32m▀[0m[38;2;15;20;32m[48;2;15;20;32m▀[0m[38;2;15;20;32m[48;2;15;20;32m▀[0m[38;2;15;20;32m[48;2;15;20;32m▀[0m[38;2;15;20;32m[48;2;15;20;32m▀[0m[38;2;15;20;32m[48;2;15;20;32m▀[0m[38;2;13;19;32m[48;2;16;21;33m▀[0m[38;2;15;19;31m[48;2;24;30;47m▀[0m[38;2;12;18;31m[48;2;25;32;49m▀[0m[38;2;14;19;31m[48;2;25;32;49m▀[0m[38;2;14;19;31m[48;2;25;32;49m▀[0m[38;2;13;18;29m[48;2;25;32;49m▀[0m[38;2;15;20;32m[48;2;25;32;49m▀[0m[38;2;16;21;33m[48;2;25;32;49m▀[0m[38;2;16;21;33m[48;2;25;32;49m▀[0m[38;2;16;21;33m[48;2;25;32;49m▀[0m[38;2;16;21;33m[48;2;25;32;49m▀[0m[38;2;16;21;33m[48;2;25;32;48m▀[0m[38;2;16;21;33m[48;2;18;23;36m▀[0m[38;2;16;21;34m[48;2;14;19;31m▀[0m[38;2;16;21;34m[48;2;15;20;32m▀[0m[38;2;16;21;34m[48;2;15;20;32m▀[0m[38;2;16;21;34m[48;2;15;20;32m▀[0m[38;2;16;22;34m[48;2;15;20;32m▀[0m[38;2;16;21;33m[48;2;15;20;32m▀[0m[38;2;14;19;30m[48;2;15;20;32m▀[0m[38;2;15;20;32m[48;2;15;20;32m▀[0m[38;2;15;20;32m[48;2;15;20;32m▀[0m[38;2;15;20;32m[48;2;15;20;32m▀[0m[38;2;15;20;32m[48;2;15;20;32m▀[0m[38;2;15;20;32m[48;2;15;20;32m▀[0m[38;2;15;20;32m[48;2;15;20;32m▀[0m[38;2;12;16;25m[48;2;12;16;25m▀[0m
   [38;2;11;15;25m[48;2;11;15;25m▀[0m[38;2;15;20;32m[48;2;15;20;32m▀[0m[38;2;15;20;32m[48;2;15;20;32m▀[0m[38;2;15;20;32m[48;2;15;20;32m▀[0m[38;2;15;20;32m[48;2;15;20;32m▀[0m[38;2;15;20;32m[48;2;14;19;30m▀[0m[38;2;18;23;37m[48;2;35;43;65m▀[0m[38;2;75;91;130m[48;2;130;156;223m▀[0m[38;2;118;142;203m[48;2;143;172;244m▀[0m[38;2;120;145;206m[48;2;142;171;242m▀[0m[38;2;120;144;206m[48;2;142;171;242m▀[0m[38;2;120;144;206m[48;2;142;171;242m▀[0m[38;2;120;144;206m[48;2;142;171;242m▀[0m[38;2;120;144;206m[48;2;142;171;242m▀[0m[38;2;120;144;206m[48;2;142;171;242m▀[0m[38;2;120;144;206m[48;2;142;171;242m▀[0m[38;2;120;144;206m[48;2;142;171;242m▀[0m[38;2;120;144;206m[48;2;142;171;242m▀[0m[38;2;120;145;206m[48;2;142;171;242m▀[0m[38;2;93;112;160m[48;2;141;169;241m▀[0m[38;2;26;33;50m[48;2;58;71;104m▀[0m[38;2;14;19;31m[48;2;13;17;29m▀[0m[38;2;15;20;32m[48;2;15;20;32m▀[0m[38;2;15;20;32m[48;2;15;20;32m▀[0m[38;2;15;20;32m[48;2;15;20;32m▀[0m[38;2;15;20;32m[48;2;15;20;32m▀[0m[38;2;15;20;32m[48;2;15;20;32m▀[0m[38;2;15;20;32m[48;2;15;20;32m▀[0m[38;2;15;20;32m[48;2;15;20;32m▀[0m[38;2;15;20;32m[48;2;15;20;32m▀[0m[38;2;15;20;32m[48;2;15;20;32m▀[0m[38;2;15;20;32m[48;2;15;20;32m▀[0m[38;2;15;20;32m[48;2;15;20;32m▀[0m[38;2;12;16;25m[48;2;12;16;25m▀[0m
   [38;2;11;15;25m[48;2;11;15;25m▀[0m[38;2;15;20;32m[48;2;15;20;32m▀[0m[38;2;15;20;32m[48;2;15;20;32m▀[0m[38;2;15;20;32m[48;2;15;20;32m▀[0m[38;2;15;20;32m[48;2;15;20;32m▀[0m[38;2;14;19;31m[48;2;15;20;32m▀[0m[38;2;27;34;52m[48;2;15;20;31m▀[0m[38;2;115;138;197m[48;2;37;46;69m▀[0m[38;2;143;172;244m[48;2;71;86;124m▀[0m[38;2;143;171;243m[48;2;74;90;129m▀[0m[38;2;142;171;243m[48;2;74;89;129m▀[0m[38;2;142;171;243m[48;2;74;89;129m▀[0m[38;2;142;171;243m[48;2;74;89;129m▀[0m[38;2;142;171;243m[48;2;74;89;129m▀[0m[38;2;142;171;243m[48;2;74;89;129m▀[0m[38;2;142;171;243m[48;2;74;89;129m▀[0m[38;2;142;171;243m[48;2;74;89;129m▀[0m[38;2;142;171;243m[48;2;74;89;129m▀[0m[38;2;143;171;243m[48;2;73;89;128m▀[0m[38;2;131;157;224m[48;2;49;60;87m▀[0m[38;2;45;56;82m[48;2;16;22;34m▀[0m[38;2;13;18;29m[48;2;15;20;32m▀[0m[38;2;15;20;32m[48;2;15;20;32m▀[0m[38;2;15;20;32m[48;2;15;20;32m▀[0m[38;2;15;20;32m[48;2;15;20;32m▀[0m[38;2;15;20;32m[48;2;15;20;32m▀[0m[38;2;15;20;32m[48;2;15;20;32m▀[0m[38;2;15;20;32m[48;2;15;20;32m▀[0m[38;2;15;20;32m[48;2;15;20;32m▀[0m[38;2;15;20;32m[48;2;15;20;32m▀[0m[38;2;15;20;32m[48;2;15;20;32m▀[0m[38;2;15;20;32m[48;2;15;20;32m▀[0m[38;2;15;20;32m[48;2;15;20;32m▀[0m[38;2;12;16;25m[48;2;12;16;25m▀[0m
   [38;2;11;15;25m[48;2;11;15;24m▀[0m[38;2;15;20;32m[48;2;15;20;32m▀[0m[38;2;15;20;32m[48;2;15;20;32m▀[0m[38;2;15;20;32m[48;2;15;20;32m▀[0m[38;2;15;20;32m[48;2;15;20;32m▀[0m[38;2;15;20;32m[48;2;15;20;32m▀[0m[38;2;15;20;32m[48;2;15;20;32m▀[0m[38;2;14;19;30m[48;2;15;20;32m▀[0m[38;2;13;17;29m[48;2;15;20;32m▀[0m[38;2;13;18;29m[48;2;15;20;32m▀[0m[38;2;13;18;29m[48;2;15;20;32m▀[0m[38;2;13;18;29m[48;2;15;20;32m▀[0m[38;2;13;18;29m[48;2;15;20;32m▀[0m[38;2;13;18;29m[48;2;15;20;32m▀[0m[38;2;13;18;29m[48;2;15;20;32m▀[0m[38;2;13;18;29m[48;2;15;20;32m▀[0m[38;2;13;18;29m[48;2;15;20;32m▀[0m[38;2;13;18;29m[48;2;15;20;32m▀[0m[38;2;13;18;29m[48;2;15;20;32m▀[0m[38;2;13;18;29m[48;2;15;20;32m▀[0m[38;2;15;20;32m[48;2;15;20;32m▀[0m[38;2;15;20;32m[48;2;15;20;32m▀[0m[38;2;15;20;32m[48;2;15;20;32m▀[0m[38;2;15;20;32m[48;2;15;20;32m▀[0m[38;2;15;20;32m[48;2;15;20;32m▀[0m[38;2;15;20;32m[48;2;15;20;32m▀[0m[38;2;15;20;32m[48;2;15;20;32m▀[0m[38;2;15;20;32m[48;2;15;20;32m▀[0m[38;2;15;20;32m[48;2;15;20;32m▀[0m[38;2;15;20;32m[48;2;15;20;32m▀[0m[38;2;15;20;32m[48;2;15;20;32m▀[0m[38;2;15;20;32m[48;2;15;20;32m▀[0m[38;2;15;20;32m[48;2;15;20;32m▀[0m[38;2;12;16;25m[48;2;11;15;25m▀[0m
   [38;2;10;13;21m[48;2;6;9;14m▀[0m[38;2;15;20;32m[48;2;15;20;32m▀[0m[38;2;15;20;32m[48;2;15;20;32m▀[0m[38;2;15;20;32m[48;2;15;20;32m▀[0m[38;2;15;20;32m[48;2;15;20;32m▀[0m[38;2;15;20;32m[48;2;15;20;32m▀[0m[38;2;15;20;32m[48;2;15;20;32m▀[0m[38;2;15;20;32m[48;2;15;20;32m▀[0m[38;2;15;20;32m[48;2;15;20;32m▀[0m[38;2;15;20;32m[48;2;15;20;32m▀[0m[38;2;15;20;32m[48;2;15;20;32m▀[0m[38;2;15;20;32m[48;2;15;20;32m▀[0m[38;2;15;20;32m[48;2;15;20;32m▀[0m[38;2;15;20;32m[48;2;15;20;32m▀[0m[38;2;15;20;32m[48;2;15;20;32m▀[0m[38;2;15;20;32m[48;2;15;20;32m▀[0m[38;2;15;20;32m[48;2;15;20;32m▀[0m[38;2;15;20;32m[48;2;15;20;32m▀[0m[38;2;15;20;32m[48;2;15;20;32m▀[0m[38;2;15;20;32m[48;2;15;20;32m▀[0m[38;2;15;20;32m[48;2;15;20;32m▀[0m[38;2;15;20;32m[48;2;15;20;32m▀[0m[38;2;15;20;32m[48;2;15;20;32m▀[0m[38;2;15;20;32m[48;2;15;20;32m▀[0m[38;2;15;20;32m[48;2;15;20;32m▀[0m[38;2;15;20;32m[48;2;15;20;32m▀[0m[38;2;15;20;32m[48;2;15;20;32m▀[0m[38;2;15;20;32m[48;2;15;20;32m▀[0m[38;2;15;20;32m[48;2;15;20;32m▀[0m[38;2;15;20;32m[48;2;15;20;32m▀[0m[38;2;15;20;32m[48;2;15;20;32m▀[0m[38;2;15;20;32m[48;2;15;20;32m▀[0m[38;2;15;20;32m[48;2;15;20;32m▀[0m[38;2;10;13;21m[48;2;7;9;15m▀[0m
    [38;2;13;17;28m[48;2;6;9;14m▀[0m[38;2;15;20;32m[48;2;14;19;31m▀[0m[38;2;15;20;32m[48;2;15;20;32m▀[0m[38;2;15;20;32m[48;2;15;20;32m▀[0m[38;2;15;20;32m[48;2;15;20;32m▀[0m[38;2;15;20;32m[48;2;15;20;32m▀[0m[38;2;15;20;32m[48;2;15;20;32m▀[0m[38;2;15;20;32m[48;2;15;20;32m▀[0m[38;2;15;20;32m[48;2;15;20;32m▀[0m[38;2;15;20;32m[48;2;15;20;32m▀[0m[38;2;15;20;32m[48;2;15;20;32m▀[0m[38;2;15;20;32m[48;2;15;20;32m▀[0m[38;2;15;20;32m[48;2;15;20;32m▀[0m[38;2;15;20;32m[48;2;15;20;32m▀[0m[38;2;15;20;32m[48;2;15;20;32m▀[0m[38;2;15;20;32m[48;2;15;20;32m▀[0m[38;2;15;20;32m[48;2;15;20;32m▀[0m[38;2;15;20;32m[48;2;15;20;32m▀[0m[38;2;15;20;32m[48;2;15;20;32m▀[0m[38;2;15;20;32m[48;2;15;20;32m▀[0m[38;2;15;20;32m[48;2;15;20;32m▀[0m[38;2;15;20;32m[48;2;15;20;32m▀[0m[38;2;15;20;32m[48;2;15;20;32m▀[0m[38;2;15;20;32m[48;2;15;20;32m▀[0m[38;2;15;20;32m[48;2;15;20;32m▀[0m[38;2;15;20;32m[48;2;15;20;32m▀[0m[38;2;15;20;32m[48;2;15;20;32m▀[0m[38;2;15;20;32m[48;2;15;20;32m▀[0m[38;2;15;20;32m[48;2;15;20;32m▀[0m[38;2;15;20;32m[48;2;15;20;32m▀[0m[38;2;15;20;32m[48;2;14;19;31m▀[0m[38;2;13;17;28m[48;2;7;9;14m▀[0m
     [38;2;8;11;18m▀[0m[38;2;14;19;31m[48;2;6;9;14m▀[0m[38;2;15;20;32m[48;2;13;17;28m▀[0m[38;2;15;20;32m[48;2;15;20;32m▀[0m[38;2;15;20;32m[48;2;15;20;32m▀[0m[38;2;15;20;32m[48;2;15;20;32m▀[0m[38;2;15;20;32m[48;2;15;20;32m▀[0m[38;2;15;20;32m[48;2;15;20;32m▀[0m[38;2;15;20;32m[48;2;15;20;32m▀[0m[38;2;15;20;32m[48;2;15;20;32m▀[0m[38;2;15;20;32m[48;2;15;20;32m▀[0m[38;2;15;20;32m[48;2;15;20;32m▀[0m[38;2;15;20;32m[48;2;15;20;32m▀[0m[38;2;15;20;32m[48;2;15;20;32m▀[0m[38;2;15;20;32m[48;2;15;20;32m▀[0m[38;2;15;20;32m[48;2;15;20;32m▀[0m[38;2;15;20;32m[48;2;15;20;32m▀[0m[38;2;15;20;32m[48;2;15;20;32m▀[0m[38;2;15;20;32m[48;2;15;20;32m▀[0m[38;2;15;20;32m[48;2;15;20;32m▀[0m[38;2;15;20;32m[48;2;15;20;32m▀[0m[38;2;15;20;32m[48;2;15;20;32m▀[0m[38;2;15;20;32m[48;2;15;20;32m▀[0m[38;2;15;20;32m[48;2;15;20;32m▀[0m[38;2;15;20;32m[48;2;15;20;32m▀[0m[38;2;15;20;32m[48;2;15;20;32m▀[0m[38;2;15;20;32m[48;2;15;20;32m▀[0m[38;2;15;20;32m[48;2;13;17;28m▀[0m[38;2;14;19;31m[48;2;7;9;14m▀[0m[38;2;8;11;18m▀[0m
        [38;2;7;9;14m▀[0m[38;2;10;13;21m▀[0m[38;2;11;15;25m▀[0m[38;2;12;16;25m▀[0m[38;2;12;16;25m▀[0m[38;2;12;16;25m▀[0m[38;2;12;16;25m▀[0m[38;2;12;16;25m▀[0m[38;2;12;16;25m▀[0m[38;2;12;16;25m▀[0m[38;2;12;16;25m▀[0m[38;2;12;16;25m▀[0m[38;2;12;16;25m▀[0m[38;2;12;16;25m▀[0m[38;2;12;16;25m▀[0m[38;2;12;16;25m▀[0m[38;2;12;16;25m▀[0m[38;2;12;16;25m▀[0m[38;2;12;16;25m▀[0m[38;2;12;16;25m▀[0m[38;2;12;16;25m▀[0m[38;2;11;15;25m▀[0m[38;2;10;13;21m▀[0m[38;2;7;9;15m▀[0m
